30
4 5
4 8 9 10
5 7
10 4 8 9 1
8 1
3 5 10 8 9 12 13 15
1 2
9
1 4
1
1 42
58
20 39
31 20 37 10 16 19 36 49 29 27 14 15 40 12 46 32 33 28 23 1
20 43
37 14 41 15 6 24 19 20 32 42 4 49 18 12 29 45 10 21 27 33
20 121
89 63 67 82 77 86 71 59 56 84 58 68 81 93 92 61 54 88 70 96
20 128
92 88 99 71 86 59 89 56 74 94 81 72 53 95 84 85 64 93 75 83
30 35
48 67 63 89 23 46 3 33 57 37 90 11 22 21 93 73 53 70 80 52 43 50 99 15 58 69 77 85 96 97
30 13
30 3 86 37 24 1 26 53 77 52 88 65 64 67 66 89 80 81 48 6 60 85 61 22 70 11 15 19 75 21
30 27
30 58 64 91 92 86 33 60 56 59 87 89 31 37 50 22 25 80 17 18 24 66 79 45 90 57 65 98 36 10
30 58
42 99 76 40 92 63 15 98 39 49 86 21 84 5 81 82 26 20 77 1 50 31 52 97 17 61 6 33 34 93
30 1
96 88 59 13 65 64 77 45 94 35 12 73 31 51 98 17 90 39 81 75 42 53 57 99 29 27 8 85 30 40
30 63
126 145 112 75 140 104 149 65 141 133 98 82 89 99 124 119 95 105 106 123 77 129 115 76 70 94 78 91 117 87
30 152
91 76 66 56 72 123 85 136 103 115 54 118 122 107 70 146 69 105 53 64 99 125 52 77 83 138 130 60 86 95
30 9
78 59 130 128 106 97 126 131 114 112 147 129 101 100 72 67 149 68 125 73 136 92 105 65 55 75 70 63 120 146
30 175
127 140 100 76 61 63 50 52 149 93 69 97 60 120 119 84 134 68 55 107 139 142 82 133 95 92 115 143 87 126
30 166
97 58 82 59 142 70 89 109 91 149 79 67 52 105 69 117 60 61 63 72 98 96 95 139 93 57 90 88 65 134
100 69
343 139 731 476 681 738 191 366 92 511 633 389 445 538 321 332 34 428 472 869 702 919 77 150 90 143 283 195 492 456 598 489 278 360 408 151 822 649 13 617 401 353 561 275 457 620 273 78 639 899 520 215 419 517 589 342 882 446 611 917 959 670 346 690 61 867 748 350 403 969 410 47 585 776 711 978 866 807 469 365 331 712 827 44 375 883 336 593 196 264 976 600 161 263 115 328 972 888 423 235
100 891
654 479 303 52 238 658 480 711 638 854 586 598 104 756 994 677 278 86 70 938 48 806 649 624 684 897 196 299 558 60 234 340 297 429 554 111 916 565 394 972 24 733 329 331 849 743 910 436 955 430 328 933 895 441 686 765 150 699 80 265 101 239 749 556 921 826 358 124 421 161 435 203 674 381 637 844 607 636 347 145 498 641 630 260 704 197 313 506 172 228 390 380 400 190 959 31 61 179 912 925
100 162
734 332 831 444 753 25 380 897 695 97 114 727 757 472 427 504 859 657 568 316 595 760 99 215 635 331 252 958 882 627 997 738 671 489 928 752 764 10 28 756 234 570 59 294 309 103 660 477 337 846 550 961 428 174 992 231 360 451 694 223 687 142 11 522 169 166 645 690 878 564 699 823 318 893 158 313 567 356 498 982 492 378 241 989 347 346 420 973 470 306 150 379 600 2 525 785 172 141 642 255
100 372
316 201 713 654 4 110 101 898 721 247 67 723 386 560 609 354 235 166 203 865 74 544 121 940 736 471 312 22 939 360 9 754 200 180 986 537 519 117 757 352 188 852 938 768 599 701 779 109 580 309 361 425 52 504 897 535 40 891 591 221 524 339 119 378 532 319 637 522 21 739 219 272 533 15 812 275 437 118 420 405 509 815 441 276 142 296 283 782 313 696 689 304 291 520 681 340 666 362 135 226
100 723
957 300 167 24 251 177 36 779 424 296 972 913 113 746 576 171 594 623 208 434 947 280 885 129 236 720 334 72 774 192 865 279 12 285 600 178 898 517 49 340 880 560 203 160 271 991 524 94 734 490 89 83 326 270 195 45 242 301 664 878 497 407 668 332 763 665 745 817 726 586 732 287 771 159 136 106 221 481 555 233 561 755 57 934 30 25 418 574 553 752 225 450 428 96 239 293 144 240 400 927
100 57
290 997 91 252 255 937 444 93 386 399 451 263 642 427 422 1035 164 672 219 87 584 147 837 89 918 957 625 833 257 351 626 633 522 585 969 665 695 747 769 950 710 552 106 243 613 640 300 941 270 173 240 664 777 1042 356 454 411 1000 844 1046 318 1001 956 298 915 494 683 840 461 71 415 469 756 72 638 265 258 322 932 689 515 520 478 870 709 784 449 335 204 881 622 453 690 960 536 122 1010 1020 63 413
100 1076
127 707 140 736 634 770 574 796 565 156 407 79 697 426 108 59 688 808 537 882 1017 186 333 806 161 550 466 959 532 243 648 198 509 88 449 555 610 137 136 50 476 957 206 251 685 67 133 906 91 703 361 916 836 559 500 139 754 154 169 107 225 123 219 614 190 803 991 285 1027 261 254 513 424 118 904 729 524 173 878 1028 997 567 70 313 68 789 252 773 668 911 621 60 144 451 203 292 304 644 288 386
100 10
806 694 213 609 582 136 950 779 256 295 997 980 280 765 458 85 566 540 74 828 408 561 874 630 674 355 417 682 382 313 570 762 360 771 569 976 307 435 368 425 338 440 304 221 291 1028 1042 910 206 392 726 880 394 759 612 1024 185 1049 106 791 933 993 949 265 747 320 563 168 671 707 793 935 424 883 720 684 549 820 853 669 864 1008 113 959 602 756 790 1043 903 188 572 306 811 202 898 594 974 229 753 105
100 1055
894 251 531 906 631 946 496 542 683 859 1046 650 329 734 841 670 705 392 1033 57 755 288 150 760 746 757 96 223 346 878 613 471 80 121 476 777 864 473 1018 462 680 498 344 958 524 90 820 148 611 804 1016 299 741 802 67 87 723 526 267 829 320 114 170 822 914 483 491 565 51 375 486 402 398 628 634 260 541 245 360 212 666 303 452 502 195 1003 446 762 232 540 104 876 59 529 758 521 465 709 1019 444
100 1062
125 1026 958 678 299 335 895 655 252 227 967 734 206 860 987 456 917 366 979 728 713 757 82 451 950 489 347 672 98 463 831 192 413 494 580 442 308 119 320 323 877 920 735 436 586 378 137 404 184 994 760 559 279 141 976 375 903 840 151 778 353 863 431 876 899 180 794 295 654 1042 129 61 420 630 638 179 717 885 560 140 101 710 839 513 85 817 652 625 249 418 993 545 165 479 790 977 730 216 561 761